21001 -1 -1 5
20010 21000 22000 29000
21000 29000 -1 1000
21008 1000 -1 -1
21004 -1 -1 -1
21005 1234 -1 -1
20008 101 102 28000
21006 28000 -1 0
20009 102 101 28001
20010 28001 36000 29001
21006 29001 -1 1
21007 1 -1 29002
20010 1000 100 29003
20008 29003 1000 29004
21000 29004 -1 1001
20004 1001 100 32000
20001 32000 4000 32001
21002 32001 -1 20
20010 100 35000 28002
21000 28002 -1 100
21005 1234 -1 -1
21006 35001 -1 0
21006 36001 -1 1
21007 1 -1 29005
21005 1234 -1 -1
21006 101 -1 0
21006 36002 -1 1
21007 1 -1 29006
20008 1001 29006 29007
21000 29007 -1 1000
21005 1234 -1 -1
21006 101 -1 0
21006 36002 -1 1
21007 1 -1 29008
20010 1001 100 29009
20008 29008 29009 29010
21000 29010 -1 1001
